0 0.550000
1 0.570000
2 0.700000
3 0.780000
4 0.930000
5 1.100000
6 1.280000
7 1.470000
8 1.660000
9 1.880000
10 2.140000
11 2.370000
12 2.630000
13 2.850000
14 3.100000
15 3.320000
16 3.550000
17 3.740000
18 3.920000
19 4.100000
20 4.260000
21 4.440000
22 4.630000
23 4.780000
24 4.920000
25 5.030000
26 5.160000
27 5.270000
28 5.370000
29 5.460000
30 5.550000
31 5.620000
32 5.600000
33 5.760000
34 5.890000
35 6.100000
36 5.940000
37 5.970000
38 6.080000
39 5.840000
40 6.110000
41 6.140000
42 6.110000
43 6.090000
44 6.270000
45 5.710000
46 6.040000
47 5.840000
48 6.230000
49 6.180000
50 6.300000
51 5.580000
52 6.240000
53 6.250000
54 6.210000
55 6.270000
56 6.220000
57 6.200000
58 6.220000
59 6.240000
60 6.330000
61 6.250000
62 6.320000
63 5.290000
64 6.290000
65 5.260000
66 6.320000
67 6.320000
68 6.340000
69 6.160000
70 5.980000
71 6.240000
72 6.180000
73 6.180000
74 6.310000
75 6.350000
76 6.220000
77 6.080000
78 6.010000
79 6.260000
80 6.400000
