0 0.550000
1 0.560000
2 0.560000
3 0.630000
4 0.670000
5 0.740000
6 0.810000
7 0.890000
8 0.960000
9 1.020000
10 0.980000
11 1.030000
12 1.100000
13 1.170000
14 1.260000
15 1.340000
16 1.430000
17 1.440000
18 1.440000
19 1.440000
20 1.450000
21 1.450000
22 1.450000
23 1.460000
24 1.470000
25 1.460000
26 1.470000
27 1.460000
28 1.470000
29 1.460000
30 1.470000
31 1.460000
32 1.470000
33 1.470000
34 1.460000
35 1.470000
36 1.480000
37 1.470000
38 1.470000
39 1.480000
40 1.480000
41 1.470000
42 1.480000
43 1.480000
44 1.480000
45 1.480000
46 1.490000
47 1.480000
48 1.490000
49 1.490000
50 1.480000
51 1.490000
52 1.480000
53 1.490000
54 1.480000
55 1.490000
56 1.490000
57 1.480000
58 1.490000
59 1.490000
60 1.490000
61 1.490000
62 1.480000
63 1.490000
64 1.490000
65 1.570000
66 1.480000
67 1.490000
68 1.490000
69 1.490000
70 1.490000
71 1.490000
72 1.480000
73 1.490000
74 1.490000
75 1.490000
76 1.490000
77 1.480000
78 1.490000
79 1.490000
80 1.490000
