0 0.550000
1 0.550000
2 0.550000
3 0.560000
4 0.550000
5 0.550000
6 0.550000
7 0.560000
8 0.550000
9 0.550000
10 0.550000
11 0.560000
12 0.550000
13 0.550000
14 0.550000
15 0.550000
16 0.560000
17 0.550000
18 0.550000
19 0.550000
20 0.550000
21 0.560000
22 0.550000
23 0.550000
24 0.550000
25 0.550000
26 0.560000
27 0.550000
28 0.550000
29 0.550000
30 0.560000
31 0.560000
32 0.550000
33 0.550000
34 0.560000
35 0.550000
36 0.550000
37 0.550000
38 0.560000
39 0.550000
40 0.550000
41 0.560000
42 0.550000
43 0.550000
44 0.560000
45 0.550000
46 0.560000
47 0.550000
48 0.560000
49 0.550000
50 0.550000
51 0.560000
52 0.550000
53 0.560000
54 0.550000
55 0.550000
56 0.550000
57 0.560000
58 0.550000
59 0.550000
60 0.560000
61 0.550000
62 0.560000
63 0.550000
64 0.550000
65 0.550000
66 0.560000
67 0.550000
68 0.560000
69 0.560000
70 0.550000
71 0.560000
72 0.550000
73 0.550000
74 0.550000
75 0.560000
76 0.550000
77 0.550000
78 0.560000
79 0.550000
80 0.550000
