0 0.590000
1 0.570000
2 0.630000
3 0.760000
4 0.910000
5 1.070000
6 1.230000
7 1.410000
8 1.590000
9 1.810000
10 2.030000
11 2.200000
12 2.400000
13 2.610000
14 2.820000
15 3.030000
16 3.240000
17 3.390000
18 3.530000
19 3.660000
20 3.770000
21 3.890000
22 3.960000
23 4.000000
24 4.120000
25 4.150000
26 4.230000
27 4.260000
28 4.280000
29 4.260000
30 4.270000
31 4.290000
32 4.390000
33 4.300000
34 4.340000
35 4.370000
36 4.370000
37 4.370000
38 4.390000
39 4.380000
40 4.410000
41 4.420000
42 4.400000
43 4.330000
44 4.430000
45 4.410000
46 4.430000
47 4.470000
48 4.480000
49 4.390000
50 4.490000
51 4.530000
52 4.490000
53 4.490000
54 4.510000
55 4.490000
56 4.490000
57 4.510000
58 4.490000
59 4.420000
60 4.550000
61 4.500000
62 4.530000
63 4.510000
64 4.440000
65 4.500000
66 4.560000
67 4.510000
68 4.430000
69 3.100000
70 4.540000
71 4.540000
72 4.550000
73 4.560000
74 4.520000
75 3.520000
76 4.560000
77 4.600000
78 4.590000
79 4.580000
80 4.580000
